1756802350302 0.00020731209150326799 0
1756802369267 0.00041153053513071894 1
1756802384299 0.0006116239787581699 2
1756802399214 0.0006064375 3
1756802414112 0.00060025 4
1756802429270 0.0005940625 5
1756802444273 0.000587875 6
1756802459172 0.0005816875 7
1756802474072 0.0005755000000000001 8
1756802488925 0.0005693125 9
1756802504001 0.000563125 10
1756802518924 0.0005569375 11
1756802533785 0.00055075 12
1756802548693 0.0005445625 13
1756802563620 0.000538375 14
1756802578651 0.0005321875 15
1756802593532 0.000526 16
1756802608343 0.0005198125 17
1756802623301 0.0005136250000000001 18
1756802638273 0.0005074375000000001 19
1756802653278 0.0005012500000000001 20
1756802668241 0.0004950625000000001 21
1756802683077 0.000488875 22
1756802697980 0.0004826875 23
1756802712864 0.0004765 24
1756802727950 0.0004703125 25
