1756802358845 0.05431 0
1756802374193 0.15449 1
1756802389173 0.15808 2
1756802404046 0.20086 3
1756802419011 0.21168 4
1756802434245 0.2064 5
1756802449085 0.2267 6
1756802464029 0.23087 7
1756802478825 0.22869 8
1756802493913 0.23801 9
1756802508835 0.24309 10
1756802523723 0.24171 11
1756802538598 0.24944 12
1756802553556 0.26544 13
1756802568554 0.25171 14
1756802583490 0.26043 15
1756802598257 0.2586 16
1756802613230 0.27072 17
1756802628160 0.27101 18
1756802643145 0.27058 19
1756802658137 0.27804 20
1756802673005 0.27233 21
1756802687873 0.28801 22
1756802702760 0.28556 23
1756802717814 0.29058 24
1756802732744 0.29522 25
