1756802358845 0.11384 0
1756802374193 0.27427 1
1756802389173 0.31281 2
1756802404046 0.36516 3
1756802419011 0.35716 4
1756802434245 0.36717 5
1756802449085 0.38498 6
1756802464029 0.38742 7
1756802478825 0.36914 8
1756802493913 0.39211 9
1756802508835 0.40588 10
1756802523723 0.38598 11
1756802538598 0.39211 12
1756802553556 0.42218 13
1756802568554 0.39303 14
1756802583490 0.41556 15
1756802598257 0.41451 16
1756802613230 0.42752 17
1756802628160 0.42322 18
1756802643145 0.41386 19
1756802658137 0.4289 20
1756802673005 0.42179 21
1756802687873 0.44237 22
1756802702760 0.43478 23
1756802717814 0.44498 24
1756802732744 0.45311 25
