1756802358845 0.15505 0
1756802374193 0.42069 1
1756802389173 0.46836 2
1756802404046 0.5033 3
1756802419011 0.50244 4
1756802434245 0.50071 5
1756802449085 0.5097 6
1756802464029 0.51756 7
1756802478825 0.52538 8
1756802493913 0.54039 9
1756802508835 0.54464 10
1756802523723 0.53543 11
1756802538598 0.54404 12
1756802553556 0.543 13
1756802568554 0.52432 14
1756802583490 0.54622 15
1756802598257 0.55089 16
1756802613230 0.55176 17
1756802628160 0.54464 18
1756802643145 0.54502 19
1756802658137 0.55106 20
1756802673005 0.54716 21
1756802687873 0.54752 22
1756802702760 0.54829 23
1756802717814 0.55487 24
1756802732744 0.56349 25
