1756802358845 0.22517 0
1756802374193 0.45777 1
1756802389173 0.47997 2
1756802404046 0.52564 3
1756802419011 0.51883 4
1756802434245 0.52624 5
1756802449085 0.54064 6
1756802464029 0.53725 7
1756802478825 0.5259 8
1756802493913 0.53813 9
1756802508835 0.54843 10
1756802523723 0.5449 11
1756802538598 0.54197 12
1756802553556 0.55214 13
1756802568554 0.54717 14
1756802583490 0.55187 15
1756802598257 0.54283 16
1756802613230 0.55676 17
1756802628160 0.56161 18
1756802643145 0.54797 19
1756802658137 0.55095 20
1756802673005 0.5564 21
1756802687873 0.55491 22
1756802702760 0.56141 23
1756802717814 0.55163 24
1756802732744 0.55806 25
