0 0.13010215999999997 0.5234292 0.073434 0.091615
6 0.29327046999999995 0.26202983 0.160051 0.207600
1 0.28568340000000003 0.52902335 0.171481 0.219847
5 0.12892689999999996 0.23713885 0.080536 0.099398
2 0.42315210000000003 0.5346302 0.067088 0.089943
8 0.43581355 0.28437606 0.110031 0.146219
8 0.5621056600000001 0.30321714 0.103829 0.144830
3 0.546259 0.53761154 0.041989 0.052114
4 0.65627268 0.5452411 0.061188 0.082678
7 0.43569040000000003 0.28405187 0.111368 0.150166
9 0.6728627 0.32253033 0.050000 0.050000
