1756802350302 2.32207 0
1756802369267 1.94784 1
1756802384299 1.79441 2
1756802399214 1.72645 3
1756802414112 1.67017 4
1756802429270 1.64614 5
1756802444273 1.57217 6
1756802459172 1.59595 7
1756802474072 1.54595 8
1756802488925 1.55873 9
1756802504001 1.4904 10
1756802518924 1.45128 11
1756802533785 1.48594 12
1756802548693 1.45514 13
1756802563620 1.45109 14
1756802578651 1.43166 15
1756802593532 1.41726 16
1756802608343 1.38358 17
1756802623301 1.3903 18
1756802638273 1.40769 19
1756802653278 1.39428 20
1756802668241 1.39645 21
1756802683077 1.34927 22
1756802697980 1.32756 23
1756802712864 1.36352 24
1756802727950 1.34811 25
