1756802350302 4.16974 0
1756802369267 2.97072 1
1756802384299 2.38096 2
1756802399214 2.13422 3
1756802414112 2.06306 4
1756802429270 1.98847 5
1756802444273 1.83198 6
1756802459172 1.8791 7
1756802474072 1.84007 8
1756802488925 1.84195 9
1756802504001 1.69957 10
1756802518924 1.70071 11
1756802533785 1.69357 12
1756802548693 1.65419 13
1756802563620 1.6241 14
1756802578651 1.63036 15
1756802593532 1.61524 16
1756802608343 1.56361 17
1756802623301 1.58606 18
1756802638273 1.58945 19
1756802653278 1.57249 20
1756802668241 1.55605 21
1756802683077 1.51405 22
1756802697980 1.49985 23
1756802712864 1.54226 24
1756802727950 1.52175 25
