1756802350302 1.49833 0
1756802369267 1.22996 1
1756802384299 1.1808 2
1756802399214 1.16296 3
1756802414112 1.14695 4
1756802429270 1.13493 5
1756802444273 1.11186 6
1756802459172 1.12055 7
1756802474072 1.10244 8
1756802488925 1.11001 9
1756802504001 1.08677 10
1756802518924 1.07883 11
1756802533785 1.09072 12
1756802548693 1.07937 13
1756802563620 1.0758 14
1756802578651 1.07677 15
1756802593532 1.06943 16
1756802608343 1.0612 17
1756802623301 1.06494 18
1756802638273 1.06392 19
1756802653278 1.06213 20
1756802668241 1.05784 21
1756802683077 1.04797 22
1756802697980 1.03584 23
1756802712864 1.05806 24
1756802727950 1.04794 25
