1756802957478 9.375e-05 0
1756802962286 0.000191831875 1
1756802963871 0.00028793375 2
1756802965283 0.000382055625 3
1756802966711 0.0004741975 4
1756802968148 0.000564359375 5
1756802969563 0.000587875 6
1756802970981 0.0005816875 7
1756802972393 0.0005755000000000001 8
1756802973805 0.0005693125 9
1756802975346 0.000563125 10
1756802976777 0.0005569375 11
1756802978204 0.00055075 12
1756802979577 0.0005445625 13
1756802980987 0.000538375 14
1756802982359 0.0005321875 15
1756802983763 0.000526 16
1756802985169 0.0005198125 17
1756802986553 0.0005136250000000001 18
1756802988069 0.0005074375000000001 19
1756802989463 0.0005012500000000001 20
1756802990860 0.0004950625000000001 21
1756802992258 0.000488875 22
1756802993671 0.0004826875 23
1756802995069 0.0004765 24
1756802996434 0.0004703125 25
1756802997830 0.000464125 26
1756802999227 0.0004579375 27
1756803000733 0.00045175 28
1756803002117 0.0004455625 29
1756803003502 0.000439375 30
1756803004845 0.0004331875 31
1756803006196 0.00042699999999999997 32
1756803007545 0.00042081249999999996 33
1756803008887 0.00041462499999999995 34
1756803010265 0.0004084375 35
1756803011627 0.00040225000000000005 36
1756803013109 0.00039606250000000004 37
1756803014458 0.00038987500000000003 38
1756803015809 0.0003836875 39
1756803017159 0.0003775 40
1756803018502 0.00037131250000000006 41
1756803019855 0.00036512500000000005 42
1756803021240 0.00035893750000000004 43
1756803022586 0.00035275000000000004 44
1756803024077 0.00034656250000000003 45
1756803025444 0.0003403750000000001 46
1756803026812 0.00033418750000000007 47
1756803028157 0.00032800000000000006 48
1756803029496 0.0003218125 49
1756803030874 0.000315625 50
1756803032259 0.0003094375 51
1756803033610 0.00030324999999999997 52
1756803035082 0.0002970625 53
1756803036420 0.000290875 54
1756803037760 0.0002846875 55
1756803039153 0.0002785 56
1756803040491 0.00027231250000000004 57
1756803041849 0.00026612500000000003 58
1756803043187 0.0002599375 59
1756803044531 0.00025375 60
1756803046054 0.0002475625 61
1756803047440 0.000241375 62
1756803048824 0.00023518750000000002 63
1756803050197 0.000229 64
1756803051561 0.0002228125 65
1756803052896 0.000216625 66
1756803054242 0.00021043749999999996 67
1756803055580 0.00020425 68
1756803057099 0.00019806250000000005 69
1756803058451 0.00019187500000000004 70
1756803059781 0.00018568750000000003 71
1756803061127 0.0001795 72
1756803062459 0.00017331250000000005 73
1756803063829 0.000167125 74
1756803065161 0.0001609375 75
1756803066503 0.00015475 76
1756803067967 0.0001485625 77
1756803069300 0.00014237499999999998 78
1756803070630 0.0001361875 79
1756803071990 0.00013 80
1756803073324 0.00012381249999999995 81
1756803074658 0.00011762500000000004 82
1756803076043 0.00011143750000000003 83
1756803077415 0.00010525000000000004 84
1756803078888 9.906250000000002e-05 85
1756803080211 9.287500000000001e-05 86
1756803081573 8.668750000000001e-05 87
1756803082939 8.05e-05 88
1756803084311 7.431249999999998e-05 89
1756803086077 6.812499999999999e-05 90
1756803087409 6.193749999999998e-05 91
1756803088740 5.574999999999997e-05 92
1756803090062 4.9562499999999965e-05 93
1756803091547 4.337500000000003e-05 94
1756803092876 3.718750000000003e-05 95
1756803094214 3.100000000000003e-05 96
1756803095576 2.4812500000000017e-05 97
1756803096905 1.8625000000000012e-05 98
1756803098237 1.2437500000000006e-05 99
