1756802957478 3.15177 0
1756802962286 2.21151 1
1756802963871 1.65847 2
1756802965283 1.54738 3
1756802966711 1.59544 4
1756802968148 1.49511 5
1756802969563 1.55888 6
1756802970981 1.55315 7
1756802972393 1.48099 8
1756802973805 1.48636 9
1756802975346 1.49494 10
1756802976777 1.4052 11
1756802978204 1.37255 12
1756802979577 1.41329 13
1756802980987 1.34268 14
1756802982359 1.41828 15
1756802983763 1.41945 16
1756802985169 1.34972 17
1756802986553 1.3458 18
1756802988069 1.32413 19
1756802989463 1.27494 20
1756802990860 1.31167 21
1756802992258 1.29637 22
1756802993671 1.25572 23
1756802995069 1.27032 24
1756802996434 1.27547 25
1756802997830 1.23016 26
1756802999227 1.26323 27
1756803000733 1.23356 28
1756803002117 1.24867 29
1756803003502 1.20448 30
1756803004845 1.19544 31
1756803006196 1.20707 32
1756803007545 1.20214 33
1756803008887 1.17447 34
1756803010265 1.1574 35
1756803011627 1.18089 36
1756803013109 1.14885 37
1756803014458 1.14855 38
1756803015809 1.12469 39
1756803017159 1.11528 40
1756803018502 1.14252 41
1756803019855 1.14263 42
1756803021240 1.141 43
1756803022586 1.10257 44
1756803024077 1.12087 45
1756803025444 1.13008 46
1756803026812 1.0768 47
1756803028157 1.05408 48
1756803029496 1.10561 49
1756803030874 1.07589 50
1756803032259 1.092 51
1756803033610 1.04442 52
1756803035082 1.02824 53
1756803036420 1.06447 54
1756803037760 1.09361 55
1756803039153 1.03866 56
1756803040491 1.08489 57
1756803041849 1.0971 58
1756803043187 1.10106 59
1756803044531 1.05043 60
1756803046054 1.05236 61
1756803047440 1.03629 62
1756803048824 1.02952 63
1756803050197 1.03243 64
1756803051561 1.03303 65
1756803052896 1.02319 66
1756803054242 0.99243 67
1756803055580 1.00946 68
1756803057099 0.9886 69
1756803058451 1.00539 70
1756803059781 1.02261 71
1756803061127 1.04347 72
1756803062459 1.00631 73
1756803063829 0.98611 74
1756803065161 0.98875 75
1756803066503 0.94222 76
1756803067967 1.0113 77
1756803069300 1.02962 78
1756803070630 0.97392 79
1756803071990 1.00342 80
1756803073324 0.97404 81
1756803074658 0.96611 82
1756803076043 0.99087 83
1756803077415 0.98672 84
1756803078888 0.95475 85
1756803080211 0.9471 86
1756803081573 0.9538 87
1756803082939 0.94371 88
1756803084311 0.9666 89
1756803086077 0.90707 90
1756803087409 0.90026 91
1756803088740 0.90893 92
1756803090062 0.88591 93
1756803091547 0.88575 94
1756803092876 0.90507 95
1756803094214 0.89394 96
1756803095576 0.87677 97
1756803096905 0.87441 98
1756803098237 0.87901 99
