1756802957478 4.81358 0
1756802962286 4.56468 1
1756802963871 4.22397 2
1756802965283 3.94259 3
1756802966711 3.70807 4
1756802968148 3.5274 5
1756802969563 3.31257 6
1756802970981 3.09599 7
1756802972393 2.91944 8
1756802973805 2.84401 9
1756802975346 2.69831 10
1756802976777 2.61769 11
1756802978204 2.48667 12
1756802979577 2.43989 13
1756802980987 2.31134 14
1756802982359 2.28944 15
1756802983763 2.22169 16
1756802985169 2.11996 17
1756802986553 2.01041 18
1756802988069 2.0157 19
1756802989463 1.92974 20
1756802990860 1.82935 21
1756802992258 1.7963 22
1756802993671 1.74053 23
1756802995069 1.65789 24
1756802996434 1.61793 25
1756802997830 1.51128 26
1756802999227 1.56099 27
1756803000733 1.4663 28
1756803002117 1.61608 29
1756803003502 1.46811 30
1756803004845 1.45068 31
1756803006196 1.38116 32
1756803007545 1.34054 33
1756803008887 1.36411 34
1756803010265 1.25493 35
1756803011627 1.27406 36
1756803013109 1.20056 37
1756803014458 1.2572 38
1756803015809 1.2056 39
1756803017159 1.17421 40
1756803018502 1.18601 41
1756803019855 1.15285 42
1756803021240 1.12149 43
1756803022586 1.15774 44
1756803024077 1.10322 45
1756803025444 1.16547 46
1756803026812 1.1098 47
1756803028157 1.09696 48
1756803029496 1.12212 49
1756803030874 1.0829 50
1756803032259 1.03794 51
1756803033610 0.98998 52
1756803035082 1.00232 53
1756803036420 1.00013 54
1756803037760 1.03162 55
1756803039153 0.97187 56
1756803040491 1.02337 57
1756803041849 1.03071 58
1756803043187 1.03935 59
1756803044531 0.97337 60
1756803046054 0.97255 61
1756803047440 0.93972 62
1756803048824 0.96087 63
1756803050197 0.95153 64
1756803051561 0.95697 65
1756803052896 0.95344 66
1756803054242 0.93487 67
1756803055580 0.89133 68
1756803057099 0.9158 69
1756803058451 0.93114 70
1756803059781 0.96992 71
1756803061127 0.98813 72
1756803062459 0.89078 73
1756803063829 0.88502 74
1756803065161 0.89212 75
1756803066503 0.87526 76
1756803067967 0.91873 77
1756803069300 0.9209 78
1756803070630 0.87726 79
1756803071990 0.88945 80
1756803073324 0.91793 81
1756803074658 0.9072 82
1756803076043 0.89315 83
1756803077415 0.88997 84
1756803078888 0.85139 85
1756803080211 0.85519 86
1756803081573 0.84698 87
1756803082939 0.85786 88
1756803084311 0.85959 89
1756803086077 0.8974 90
1756803087409 0.88952 91
1756803088740 0.87388 92
1756803090062 0.84181 93
1756803091547 0.82831 94
1756803092876 0.854 95
1756803094214 0.84878 96
1756803095576 0.84336 97
1756803096905 0.82894 98
1756803098237 0.83759 99
