1756802957478 2.13877 0
1756802962286 1.31186 1
1756802963871 1.11349 2
1756802965283 1.05378 3
1756802966711 1.05627 4
1756802968148 1.04121 5
1756802969563 1.05392 6
1756802970981 1.05011 7
1756802972393 1.01876 8
1756802973805 1.03281 9
1756802975346 1.02216 10
1756802976777 0.99818 11
1756802978204 0.99812 12
1756802979577 0.98987 13
1756802980987 0.98169 14
1756802982359 0.99794 15
1756802983763 0.97844 16
1756802985169 0.98214 17
1756802986553 0.99557 18
1756802988069 0.97466 19
1756802989463 0.9613 20
1756802990860 0.97828 21
1756802992258 0.97672 22
1756802993671 0.96003 23
1756802995069 0.98297 24
1756802996434 0.97777 25
1756802997830 0.95363 26
1756802999227 0.9656 27
1756803000733 0.94878 28
1756803002117 0.96699 29
1756803003502 0.96957 30
1756803004845 0.96267 31
1756803006196 0.95105 32
1756803007545 0.95782 33
1756803008887 0.95914 34
1756803010265 0.94662 35
1756803011627 0.94761 36
1756803013109 0.93406 37
1756803014458 0.94155 38
1756803015809 0.93961 39
1756803017159 0.92671 40
1756803018502 0.94118 41
1756803019855 0.9389 42
1756803021240 0.92278 43
1756803022586 0.93176 44
1756803024077 0.92956 45
1756803025444 0.94637 46
1756803026812 0.93004 47
1756803028157 0.91264 48
1756803029496 0.93119 49
1756803030874 0.91898 50
1756803032259 0.93206 51
1756803033610 0.91853 52
1756803035082 0.90587 53
1756803036420 0.90285 54
1756803037760 0.92734 55
1756803039153 0.91866 56
1756803040491 0.93276 57
1756803041849 0.91015 58
1756803043187 0.92288 59
1756803044531 0.90631 60
1756803046054 0.90278 61
1756803047440 0.90759 62
1756803048824 0.91145 63
1756803050197 0.90404 64
1756803051561 0.91431 65
1756803052896 0.90605 66
1756803054242 0.8934 67
1756803055580 0.89138 68
1756803057099 0.90547 69
1756803058451 0.89804 70
1756803059781 0.90158 71
1756803061127 0.90898 72
1756803062459 0.88629 73
1756803063829 0.90316 74
1756803065161 0.90236 75
1756803066503 0.88155 76
1756803067967 0.90437 77
1756803069300 0.91212 78
1756803070630 0.90489 79
1756803071990 0.88303 80
1756803073324 0.89715 81
1756803074658 0.89017 82
1756803076043 0.89669 83
1756803077415 0.89532 84
1756803078888 0.8851 85
1756803080211 0.88924 86
1756803081573 0.88205 87
1756803082939 0.88813 88
1756803084311 0.89233 89
1756803086077 0.89519 90
1756803087409 0.88513 91
1756803088740 0.87729 92
1756803090062 0.88333 93
1756803091547 0.87881 94
1756803092876 0.87923 95
1756803094214 0.88687 96
1756803095576 0.88242 97
1756803096905 0.88522 98
1756803098237 0.88562 99
