1756802961427 0.00105 0
1756802963040 0.00185 1
1756802964477 0.00296 2
1756802965902 0.0284 3
1756802967348 0.08731 4
1756802968768 0.11899 5
1756802970185 0.1371 6
1756802971599 0.17386 7
1756802973006 0.26792 8
1756802974554 0.30946 9
1756802975982 0.39054 10
1756802977406 0.40565 11
1756802978786 0.40887 12
1756802980200 0.44973 13
1756802981558 0.51026 14
1756802982967 0.55097 15
1756802984382 0.61748 16
1756802985757 0.64559 17
1756802987275 0.67726 18
1756802988674 0.68658 19
1756802990070 0.72359 20
1756802991466 0.77458 21
1756802992868 0.80228 22
1756802994273 0.8125 23
1756802995639 0.8456 24
1756802997038 0.85784 25
1756802998435 0.85824 26
1756802999935 0.88981 27
1756803001326 0.89254 28
1756803002710 0.90924 29
1756803004057 0.88896 30
1756803005406 0.8899 31
1756803006757 0.90273 32
1756803008099 0.92422 33
1756803009477 0.91548 34
1756803010832 0.89908 35
1756803012314 0.89627 36
1756803013668 0.94167 37
1756803015016 0.92643 38
1756803016366 0.91501 39
1756803017713 0.91466 40
1756803019061 0.93412 41
1756803020446 0.94219 42
1756803021797 0.9448 43
1756803023287 0.93006 44
1756803024653 0.92275 45
1756803026022 0.95041 46
1756803027366 0.94398 47
1756803028707 0.95428 48
1756803030082 0.94466 49
1756803031465 0.94994 50
1756803032820 0.9612 51
1756803034154 0.94912 52
1756803035630 0.94608 53
1756803036971 0.95749 54
1756803038359 0.96916 55
1756803039702 0.96662 56
1756803041053 0.96767 57
1756803042392 0.96139 58
1756803043742 0.9622 59
1756803045257 0.96456 60
1756803046643 0.96918 61
1756803048020 0.97361 62
1756803049400 0.97585 63
1756803050770 0.97442 64
1756803052107 0.97688 65
1756803053448 0.97656 66
1756803054785 0.97526 67
1756803056309 0.9751 68
1756803057646 0.97623 69
1756803058991 0.97484 70
1756803060338 0.97436 71
1756803061672 0.97524 72
1756803063035 0.97888 73
1756803064372 0.97779 74
1756803065707 0.97498 75
1756803067168 0.97301 76
1756803068513 0.97602 77
1756803069839 0.97779 78
1756803071199 0.97802 79
1756803072529 0.97887 80
1756803073864 0.97874 81
1756803075242 0.9794 82
1756803076625 0.97851 83
1756803078084 0.97934 84
1756803079425 0.97964 85
1756803080786 0.97889 86
1756803082148 0.97925 87
1756803083520 0.9793 88
1756803084854 0.97975 89
1756803086637 0.97876 90
1756803087961 0.97972 91
1756803089291 0.97952 92
1756803090776 0.98036 93
1756803092104 0.98115 94
1756803093443 0.97966 95
1756803094800 0.98147 96
1756803096134 0.98102 97
1756803097463 0.98093 98
1756803098801 0.9812 99
1756803102875 0.9806755779384103 99
