1756802961427 0.00038 0
1756802963040 0.00077 1
1756802964477 0.00167 2
1756802965902 0.01602 3
1756802967348 0.04646 4
1756802968768 0.05863 5
1756802970185 0.07673 6
1756802971599 0.09332 7
1756802973006 0.14982 8
1756802974554 0.14376 9
1756802975982 0.23579 10
1756802977406 0.24061 11
1756802978786 0.23718 12
1756802980200 0.28333 13
1756802981558 0.23996 14
1756802982967 0.29318 15
1756802984382 0.37631 16
1756802985757 0.335 17
1756802987275 0.35122 18
1756802988674 0.42246 19
1756802990070 0.42421 20
1756802991466 0.44492 21
1756802992868 0.51695 22
1756802994273 0.51687 23
1756802995639 0.48716 24
1756802997038 0.51945 25
1756802998435 0.55257 26
1756802999935 0.51526 27
1756803001326 0.57328 28
1756803002710 0.61486 29
1756803004057 0.54178 30
1756803005406 0.57445 31
1756803006757 0.59957 32
1756803008099 0.60949 33
1756803009477 0.62369 34
1756803010832 0.58316 35
1756803012314 0.5671 36
1756803013668 0.5582 37
1756803015016 0.569 38
1756803016366 0.61509 39
1756803017713 0.61632 40
1756803019061 0.61692 41
1756803020446 0.65081 42
1756803021797 0.6504 43
1756803023287 0.61977 44
1756803024653 0.64902 45
1756803026022 0.66474 46
1756803027366 0.66125 47
1756803028707 0.66308 48
1756803030082 0.67514 49
1756803031465 0.68031 50
1756803032820 0.67049 51
1756803034154 0.66545 52
1756803035630 0.66485 53
1756803036971 0.67319 54
1756803038359 0.69345 55
1756803039702 0.67423 56
1756803041053 0.68721 57
1756803042392 0.68803 58
1756803043742 0.68714 59
1756803045257 0.69505 60
1756803046643 0.69513 61
1756803048020 0.69521 62
1756803049400 0.71246 63
1756803050770 0.71723 64
1756803052107 0.70793 65
1756803053448 0.70733 66
1756803054785 0.71074 67
1756803056309 0.72516 68
1756803057646 0.72342 69
1756803058991 0.71822 70
1756803060338 0.71258 71
1756803061672 0.72448 72
1756803063035 0.73564 73
1756803064372 0.71892 74
1756803065707 0.7048 75
1756803067168 0.71239 76
1756803068513 0.7133 77
1756803069839 0.73215 78
1756803071199 0.73668 79
1756803072529 0.73234 80
1756803073864 0.72709 81
1756803075242 0.74179 82
1756803076625 0.7428 83
1756803078084 0.73882 84
1756803079425 0.73737 85
1756803080786 0.74414 86
1756803082148 0.74534 87
1756803083520 0.74623 88
1756803084854 0.73185 89
1756803086637 0.73095 90
1756803087961 0.72331 91
1756803089291 0.7261 92
1756803090776 0.73915 93
1756803092104 0.743 94
1756803093443 0.74524 95
1756803094800 0.74688 96
1756803096134 0.74142 97
1756803097463 0.74264 98
1756803098801 0.74074 99
1756803102875 0.7467600884987855 99
