1756802961427 0.00104 0
1756802963040 0.0018 1
1756802964477 0.00204 2
1756802965902 0.01025 3
1756802967348 0.01976 4
1756802968768 0.02062 5
1756802970185 0.10764 6
1756802971599 0.22015 7
1756802973006 0.24665 8
1756802974554 0.24299 9
1756802975982 0.32389 10
1756802977406 0.37909 11
1756802978786 0.33872 12
1756802980200 0.38846 13
1756802981558 0.41969 14
1756802982967 0.46644 15
1756802984382 0.55638 16
1756802985757 0.53806 17
1756802987275 0.62402 18
1756802988674 0.65201 19
1756802990070 0.6263 20
1756802991466 0.72943 21
1756802992868 0.80146 22
1756802994273 0.81526 23
1756802995639 0.83795 24
1756802997038 0.80998 25
1756802998435 0.81017 26
1756802999935 0.844 27
1756803001326 0.85213 28
1756803002710 0.85106 29
1756803004057 0.80888 30
1756803005406 0.79634 31
1756803006757 0.79654 32
1756803008099 0.8073 33
1756803009477 0.78401 34
1756803010832 0.82363 35
1756803012314 0.8307 36
1756803013668 0.90286 37
1756803015016 0.874 38
1756803016366 0.84221 39
1756803017713 0.8314 40
1756803019061 0.86285 41
1756803020446 0.84562 42
1756803021797 0.84762 43
1756803023287 0.85492 44
1756803024653 0.87217 45
1756803026022 0.89274 46
1756803027366 0.92146 47
1756803028707 0.90923 48
1756803030082 0.85961 49
1756803031465 0.87019 50
1756803032820 0.90771 51
1756803034154 0.88298 52
1756803035630 0.84673 53
1756803036971 0.88617 54
1756803038359 0.90277 55
1756803039702 0.90952 56
1756803041053 0.90516 57
1756803042392 0.90697 58
1756803043742 0.91958 59
1756803045257 0.93924 60
1756803046643 0.92554 61
1756803048020 0.92703 62
1756803049400 0.9205 63
1756803050770 0.92586 64
1756803052107 0.9431 65
1756803053448 0.95147 66
1756803054785 0.94747 67
1756803056309 0.94507 68
1756803057646 0.9367 69
1756803058991 0.93707 70
1756803060338 0.94257 71
1756803061672 0.93117 72
1756803063035 0.9463 73
1756803064372 0.94407 74
1756803065707 0.93402 75
1756803067168 0.93072 76
1756803068513 0.93686 77
1756803069839 0.94441 78
1756803071199 0.94617 79
1756803072529 0.95041 80
1756803073864 0.94877 81
1756803075242 0.94679 82
1756803076625 0.94205 83
1756803078084 0.94088 84
1756803079425 0.96124 85
1756803080786 0.96172 86
1756803082148 0.96304 87
1756803083520 0.95599 88
1756803084854 0.96026 89
1756803086637 0.95256 90
1756803087961 0.95477 91
1756803089291 0.95936 92
1756803090776 0.95474 93
1756803092104 0.96107 94
1756803093443 0.93905 95
1756803094800 0.9546 96
1756803096134 0.95838 97
1756803097463 0.94273 98
1756803098801 0.94646 99
1756803102875 0.9534848581695691 99
