1756802961427 0.03741 0
1756802963040 0.07415 1
1756802964477 0.06659 2
1756802965902 0.27829 3
1756802967348 0.7558 4
1756802968768 0.83351 5
1756802970185 0.45042 6
1756802971599 0.19933 7
1756802973006 0.44409 8
1756802974554 0.48662 9
1756802975982 0.49661 10
1756802977406 0.48205 11
1756802978786 0.53723 12
1756802980200 0.58258 13
1756802981558 0.59876 14
1756802982967 0.68631 15
1756802984382 0.69436 16
1756802985757 0.67342 17
1756802987275 0.70521 18
1756802988674 0.7608 19
1756802990070 0.79695 20
1756802991466 0.7662 21
1756802992868 0.77534 22
1756802994273 0.76938 23
1756802995639 0.80053 24
1756802997038 0.82815 25
1756802998435 0.8483 26
1756802999935 0.83479 27
1756803001326 0.84642 28
1756803002710 0.85066 29
1756803004057 0.86855 30
1756803005406 0.89028 31
1756803006757 0.87156 32
1756803008099 0.90158 33
1756803009477 0.89714 34
1756803010832 0.85392 35
1756803012314 0.8579 36
1756803013668 0.85244 37
1756803015016 0.84918 38
1756803016366 0.86892 39
1756803017713 0.90337 40
1756803019061 0.92316 41
1756803020446 0.94158 42
1756803021797 0.89397 43
1756803023287 0.87071 44
1756803024653 0.85573 45
1756803026022 0.88315 46
1756803027366 0.84965 47
1756803028707 0.8887 48
1756803030082 0.92957 49
1756803031465 0.91663 50
1756803032820 0.91352 51
1756803034154 0.89932 52
1756803035630 0.9029 53
1756803036971 0.92877 54
1756803038359 0.9443 55
1756803039702 0.93913 56
1756803041053 0.94273 57
1756803042392 0.93576 58
1756803043742 0.944 59
1756803045257 0.94 60
1756803046643 0.95645 61
1756803048020 0.95159 62
1756803049400 0.96484 63
1756803050770 0.95251 64
1756803052107 0.94827 65
1756803053448 0.94475 66
1756803054785 0.95056 67
1756803056309 0.95009 68
1756803057646 0.96589 69
1756803058991 0.96215 70
1756803060338 0.95532 71
1756803061672 0.96647 72
1756803063035 0.95634 73
1756803064372 0.95828 74
1756803065707 0.95741 75
1756803067168 0.95747 76
1756803068513 0.96206 77
1756803069839 0.96804 78
1756803071199 0.97146 79
1756803072529 0.97045 80
1756803073864 0.97315 81
1756803075242 0.97338 82
1756803076625 0.97604 83
1756803078084 0.97274 84
1756803079425 0.94415 85
1756803080786 0.94327 86
1756803082148 0.94594 87
1756803083520 0.95174 88
1756803084854 0.95037 89
1756803086637 0.95815 90
1756803087961 0.95195 91
1756803089291 0.94698 92
1756803090776 0.95355 93
1756803092104 0.94901 94
1756803093443 0.96904 95
1756803094800 0.95978 96
1756803096134 0.95839 97
1756803097463 0.97259 98
1756803098801 0.97263 99
1756803102875 0.9590820471400304 99
